0.0997015 0.405024 0.495275 
0.0991712 0.415714 0.485114 
0.0985884 0.434069 0.467342 
0.0984569 0.458984 0.442559 
0.0992651 0.487222 0.413513 
0.101266 0.515998 0.382736 
0.104569 0.54361 0.351821 
0.109244 0.569045 0.321711 
0.115371 0.591633 0.292996 
0.123044 0.610892 0.266063 
0.132374 0.626462 0.241164 
0.143484 0.638074 0.218442 
0.156499 0.645542 0.197959 
0.17154 0.648752 0.179707 
0.188714 0.647656 0.16363 
0.208097 0.64227 0.149633 
0.229723 0.632675 0.137602 
0.25357 0.619018 0.127412 
0.27954 0.601523 0.118936 
0.307456 0.580488 0.112056 
0.337043 0.556292 0.106665 
0.367935 0.52939 0.102675 
0.399679 0.500306 0.100015 
0.431743 0.46962 0.0986369 
0.463545 0.437939 0.0985158 
0.494473 0.405878 0.0996491 
0.523913 0.374029 0.102058 
0.55128 0.342934 0.105786 
0.576038 0.313062 0.110899 
0.597717 0.284799 0.117483 
0.615923 0.258435 0.125641 
0.630342 0.234168 0.13549 
0.640738 0.212108 0.147155 
0.646947 0.192292 0.160761 
0.648877 0.174695 0.176428 
0.646498 0.159249 0.194253 
0.639847 0.14585 0.214303 
0.629023 0.134381 0.236596 
0.614197 0.124714 0.261089 
0.595613 0.116725 0.287661 
0.573593 0.110299 0.316107 
0.54854 0.105334 0.346126 
0.520931 0.101746 0.377323 
0.491308 0.099472 0.40922 
0.46026 0.09847 0.44127 
0.428403 0.0987216 0.472876 
0.396345 0.100232 0.503423 
0.364667 0.103028 0.532306 
0.33389 0.107161 0.558949 
0.304462 0.112702 0.582836 
0.276738 0.119743 0.603518 
0.250982 0.128392 0.620626 
0.227364 0.138768 0.633868 
0.205972 0.150998 0.64303 
0.186821 0.165207 0.647972 
0.169874 0.181507 0.648618 
0.155049 0.19999 0.644961 
0.142238 0.220708 0.637053 
0.131319 0.243664 0.625017 
0.122165 0.268793 0.609042 
0.114653 0.295949 0.589398 
0.108672 0.324899 0.566429 
0.104125 0.355314 0.540561 
0.100934 0.386773 0.512293 
0.0990418 0.418776 0.482182 
0.0984141 0.450757 0.450829 
0.099039 0.482112 0.418849 
0.100928 0.512226 0.386846 
0.104116 0.540499 0.355384 
0.10866 0.566373 0.324967 
0.114638 0.589349 0.296013 
0.122146 0.609002 0.268852 
0.131296 0.624985 0.243719 
0.142211 0.637031 0.220758 
0.155018 0.644948 0.200035 
0.169838 0.648615 0.181547 
0.186781 0.647978 0.165242 
0.205926 0.643046 0.151028 
0.227313 0.633893 0.138794 
0.250926 0.62066 0.128414 
0.276678 0.603561 0.119761 
0.304397 0.582887 0.112716 
0.333822 0.559007 0.107172 
0.364595 0.532369 0.103036 
0.396272 0.503491 0.100237 
0.42833 0.472947 0.0987237 
0.460189 0.441342 0.0984692 
0.491238 0.409293 0.0994683 
0.520865 0.377395 0.10174 
0.54848 0.346195 0.105324 
0.57354 0.316174 0.110286 
0.595567 0.287724 0.116709 
0.614159 0.261147 0.124694 
0.628994 0.236649 0.134357 
0.639827 0.214351 0.145822 
0.646488 0.194296 0.159216 
0.648876 0.176466 0.174658 
0.646956 0.160795 0.192249 
0.640756 0.147183 0.21206 
0.63037 0.135515 0.234115 
0.61596 0.125662 0.258378 
0.597763 0.1175 0.284737 
0.576091 0.110913 0.312996 
0.551339 0.105796 0.342864 
0.523977 0.102065 0.373958 
0.494541 0.0996532 0.405805 
0.463617 0.098517 0.437866 
0.431816 0.0986353 0.469549 
0.399751 0.10001 0.500238 
0.368007 0.102667 0.529326 
0.337111 0.106655 0.556234 
0.307521 0.112042 0.580437 
0.279602 0.118919 0.601479 
0.253626 0.127391 0.618983 
0.229775 0.137577 0.632648 
0.208143 0.149604 0.642253 
0.188755 0.163596 0.647649 
0.171577 0.179669 0.648755 
0.15653 0.197915 0.645554 
0.143511 0.218395 0.638095 
0.132396 0.241114 0.62649 
0.12306 0.266016 0.610924 
0.115379 0.292966 0.591655 
0.109239 0.321739 0.569021 
0.104544 0.352016 0.54344 
0.101211 0.383387 0.515402 
0.0991829 0.415358 0.485459 
0.0984215 0.447369 0.454209 
0.0989128 0.47882 0.422267 
0.100666 0.509096 0.390238 
0.103713 0.537593 0.358694 
0.108109 0.563747 0.328144 
0.11393 0.587053 0.299017 
0.12127 0.607077 0.271652 
0.13024 0.623465 0.246295 
0.140961 0.635941 0.223098 
0.15356 0.644305 0.202135 
0.16816 0.648429 0.183411 
0.184872 0.648251 0.166877 
0.20378 0.643774 0.152446 
0.224928 0.635065 0.140007 
0.248307 0.622258 0.129435 
0.273837 0.605558 0.120604 
0.301358 0.585249 0.113394 
0.330616 0.56169 0.107694 
0.361266 0.535322 0.103412 
0.39287 0.506657 0.100473 
0.424914 0.476261 0.0988247 
0.456823 0.44474 0.0984369 
0.487988 0.41271 0.099302 
0.517795 0.380768 0.101436 
0.545651 0.34947 0.104879 
0.571007 0.319303 0.10969 
0.593378 0.29067 0.115953 
0.612352 0.263882 0.123766 
0.627601 0.239155 0.133244 
0.638869 0.21662 0.144511 
0.64598 0.196326 0.157694 
0.648826 0.178261 0.172913 
0.647365 0.162364 0.190271 
0.641618 0.148539 0.209843 
0.631671 0.136669 0.23166 
0.61768 0.126629 0.255691 
0.599872 0.118293 0.281835 
0.578553 0.111543 0.309904 
0.554109 0.106274 0.339617 
0.527 0.102399 0.370601 
0.497758 0.0998489 0.402393 
0.466963 0.0985783 0.434459 
0.435226 0.0985632 0.46621 
0.403161 0.0998036 0.497035 
0.371356 0.102322 0.526322 
0.340347 0.106165 0.553488 
0.310599 0.111399 0.578002 
0.282487 0.118113 0.5994 
0.256294 0.126409 0.617296 
0.232211 0.136407 0.631382 
0.210341 0.148232 0.641428 
0.190714 0.162008 0.647277 
0.173304 0.177855 0.648842 
0.158035 0.195866 0.646099 
0.144805 0.216107 0.639089 
0.133493 0.238589 0.627918 
0.123973 0.263264 0.612763 
0.116122 0.290005 0.593874 
0.109823 0.318597 0.57158 
0.104978 0.348732 0.546291 
0.101503 0.380008 0.518489 
0.0993382 0.41194 0.488721 
0.098443 0.443976 0.457581 
0.0988008 0.475516 0.425683 
0.100418 0.505945 0.393636 
0.103326 0.534659 0.362015 
0.107575 0.561088 0.331337 
0.11324 0.58472 0.302041 
0.120413 0.605112 0.274475 
0.129204 0.621902 0.248895 
0.139732 0.634805 0.225463 
0.152125 0.643614 0.204261 
0.166507 0.648193 0.1853 
0.182989 0.648475 0.168536 
0.20166 0.644454 0.153886 
0.222569 0.63619 0.141241 
0.245713 0.623811 0.130476 
0.27102 0.607514 0.121466 
0.298339 0.587573 0.114088 
0.327427 0.564341 0.108232 
0.357948 0.538249 0.103803 
0.389474 0.509802 0.100724 
0.421497 0.479563 0.0989401 
0.453449 0.448133 0.0984187 
0.484723 0.416127 0.09915 
0.514703 0.384149 0.101148 
0.542794 0.352758 0.104448 
0.56844 0.322449 0.10911 
0.59115 0.293636 0.115214 
0.610504 0.26664 0.122857 
0.626162 0.241686 0.132152 
0.637864 0.218914 0.143222 
0.645424 0.19838 0.156195 
0.648728 0.180081 0.171192 
0.647725 0.163957 0.188318 
0.642432 0.149916 0.207652 
0.632926 0.137844 0.22923 
0.619356 0.127615 0.253029 
0.601942 0.119103 0.278955 
0.58098 0.11219 0.306831 
0.556847 0.106768 0.336385 
0.529999 0.102747 0.367254 
0.500957 0.100059 0.398984 
0.470299 0.0986537 0.431048 
0.438633 0.0985054 0.462862 
0.406574 0.0996114 0.493815 
0.374714 0.101992 0.523293 
0.343597 0.105691 0.550712 
0.313695 0.110773 0.575531 
0.285394 0.117324 0.597282 
0.258986 0.125447 0.615567 
0.234672 0.135258 0.630071 
0.212563 0.146882 0.640555 
0.192698 0.160445 0.646857 
0.175054 0.176066 0.64888 
0.159562 0.193843 0.646595 
0.14612 0.213844 0.640036 
0.13461 0.236089 0.629301 
0.124906 0.260535 0.61456 
0.116882 0.287064 0.596054 
0.110423 0.315472 0.574105 
0.105427 0.34546 0.549113 
0.10181 0.376637 0.521553 
0.099508 0.408524 0.491968 
0.0984787 0.440577 0.460945 
0.0987032 0.472199 0.429098 
0.100186 0.502776 0.397039 
0.102953 0.5317 0.365346 
0.107057 0.558398 0.334545 
0.112567 0.58235 0.305084 
0.119574 0.603106 0.27732 
0.128187 0.620294 0.251519 
0.138524 0.633622 0.227853 
0.150713 0.642875 0.206412 
0.164877 0.647909 0.187214 
0.181131 0.64865 0.170219 
0.199566 0.645085 0.155349 
0.220235 0.637269 0.142496 
0.243143 0.62532 0.131537 
0.268226 0.609429 0.122346 
0.29534 0.58986 0.1148 
0.324254 0.566959 0.108786 
0.354641 0.541149 0.104209 
0.386083 0.512927 0.100989 
0.41808 0.482851 0.0990697 
0.450067 0.451518 0.0984147 
0.481443 0.419545 0.0990124 
0.51159 0.387536 0.100874 
0.539909 0.356058 0.104033 
0.565841 0.325612 0.108547 
0.588884 0.296623 0.114493 
0.608613 0.269421 0.121966 
0.624679 0.244242 0.13108 
0.636812 0.221233 0.141955 
0.64482 0.20046 0.154719 
0.64858 0.181925 0.169495 
0.648037 0.165573 0.18639 
0.643198 0.151316 0.205487 
0.634135 0.13904 0.226826 
0.620989 0.12862 0.250391 
0.603971 0.119932 0.276098 
0.58337 0.112853 0.303777 
0.559555 0.107277 0.333168 
0.532972 0.103111 0.363917 
0.504137 0.100284 0.395579 
0.473622 0.0987434 0.427634 
0.442034 0.0984617 0.459504 
0.409989 0.0994336 0.490578 
0.378081 0.101677 0.520242 
0.346861 0.105233 0.547906 
0.316809 0.110164 0.573027 
0.288322 0.116554 0.595124 
0.261702 0.124504 0.613794 
0.237157 0.134129 0.628714 
0.214811 0.145554 0.639635 
0.194707 0.158905 0.646388 
0.17683 0.174301 0.648869 
0.161112 0.191845 0.647043 
0.147458 0.211607 0.640935 
0.135748 0.233614 0.630638 
0.125857 0.257829 0.616313 
0.11766 0.284145 0.598195 
0.11104 0.312366 0.576595 
0.105892 0.342203 0.551905 
0.102132 0.373274 0.524594 
0.0996921 0.405111 0.495197 
0.0985286 0.437173 0.464298 
0.0986198 0.46887 0.43251 
0.0999674 0.499588 0.400445 
0.102596 0.528716 0.368687 
0.106554 0.555677 0.337769 
0.11191 0.579944 0.308146 
0.118754 0.601059 0.280187 
0.12719 0.618643 0.254167 
0.137338 0.632394 0.230269 
0.149323 0.642088 0.208589 
0.163271 0.647577 0.189152 
0.179298 0.648776 0.171926 
0.197497 0.645668 0.156835 
0.217927 0.6383 0.143772 
0.240598 0.626784 0.132618 
0.265455 0.611301 0.123244 
0.292362 0.592109 0.115529 
0.321099 0.569544 0.109357 
0.351347 0.544022 0.104631 
0.382699 0.516031 0.10127 
0.414663 0.486124 0.0992136 
0.446679 0.454896 0.098425 
0.478149 0.422962 0.0988891 
0.508456 0.390929 0.100615 
0.536998 0.359369 0.103633 
0.563208 0.328792 0.108 
0.586581 0.29963 0.113789 
0.606681 0.272225 0.121095 
0.623151 0.246822 0.130028 
0.635713 0.223577 0.14071 
0.644168 0.202566 0.153267 
0.648384 0.183793 0.167823 
0.6483 0.167213 0.184488 
0.643915 0.152738 0.203347 
0.635297 0.140256 0.224447 
0.622577 0.129645 0.247778 
0.605959 0.120778 0.273263 
0.585724 0.113534 0.300742 
0.562231 0.107802 0.329967 
0.535919 0.10349 0.360591 
0.507298 0.100523 0.392179 
0.476933 0.0988473 0.424219 
0.44543 0.0984323 0.456137 
0.413405 0.0992702 0.487325 
0.381455 0.101377 0.517168 
0.350138 0.10479 0.545072 
0.319941 0.109571 0.570488 
0.291271 0.115801 0.592927 
0.264441 0.12358 0.61198 
0.239668 0.133021 0.627311 
0.217084 0.144248 0.638668 
0.196742 0.157388 0.645871 
0.178629 0.172561 0.64881 
0.162686 0.189872 0.647442 
0.148817 0.209396 0.641787 
0.136906 0.231164 0.63193 
0.126828 0.255148 0.618024 
0.118456 0.281248 0.600296 
0.111673 0.309278 0.579049 
0.106373 0.338959 0.554667 
0.102469 0.36992 0.527611 
0.0998907 0.4017 0.498409 
0.0985927 0.433766 0.467642 
0.0985506 0.465531 0.435919 
0.0997636 0.496382 0.403855 
0.102254 0.525708 0.372038 
0.106068 0.552926 0.341007 
0.111271 0.577502 0.311227 
0.117951 0.598973 0.283076 
0.126212 0.616948 0.25684 
0.136172 0.631119 0.232709 
0.147956 0.641254 0.21079 
0.161689 0.647195 0.191116 
0.177489 0.648853 0.173658 
0.195454 0.646203 0.158343 
0.215645 0.639285 0.14507 
0.238079 0.628202 0.133719 
0.262708 0.613131 0.124162 
0.289406 0.594319 0.116275 
0.317961 0.572095 0.109944 
0.348066 0.546866 0.105068 
0.379323 0.519113 0.101565 
0.411246 0.489382 0.0993718 
0.443285 0.458265 0.0984494 
0.474843 0.426377 0.0987801 
0.505303 0.394327 0.10037 
0.53406 0.362691 0.103249 
0.560544 0.331987 0.107469 
0.584241 0.302657 0.113102 
0.604707 0.275051 0.120241 
0.621578 0.249426 0.128996 
0.634568 0.225947 0.139485 
0.643467 0.204696 0.151837 
0.648139 0.185687 0.166174 
0.648514 0.168876 0.18261 
0.644585 0.154182 0.201233 
0.636413 0.141494 0.222093 
0.624121 0.13069 0.245189 
0.607906 0.121643 0.270451 
0.58804 0.114231 0.297728 
0.564875 0.108344 0.326782 
0.53884 0.103884 0.357276 
0.510438 0.100777 0.388785 
0.480231 0.0989655 0.420803 
0.44882 0.098417 0.452763 
0.416821 0.0991212 0.484058 
0.384836 0.101091 0.514073 
0.353427 0.104363 0.54221 
0.32309 0.108995 0.567915 
0.294241 0.115066 0.590693 
0.267203 0.122675 0.610123 
0.242203 0.131933 0.625864 
0.219382 0.142964 0.637654 
0.198801 0.155894 0.645305 
0.180453 0.170845 0.648701 
0.164283 0.187925 0.647792 
0.150199 0.207211 0.64259 
0.138085 0.22874 0.633175 
0.127818 0.252492 0.619691 
0.11927 0.278374 0.602356 
0.112323 0.306209 0.581468 
0.10687 0.335731 0.557399 
0.10282 0.366576 0.530604 
0.100104 0.398293 0.501603 
0.098671 0.430355 0.470974 
0.0984957 0.462181 0.439323 
0.0995744 0.493159 0.407267 
0.101927 0.522676 0.375397 
0.105597 0.550144 0.344259 
0.110649 0.575026 0.314326 
0.117167 0.596847 0.285986 
0.125254 0.61521 0.259535 
0.135027 0.629798 0.235174 
0.146611 0.640372 0.213017 
0.160131 0.646765 0.193104 
0.175706 0.648881 0.175413 
0.193436 0.646689 0.159875 
0.213388 0.640221 0.14639 
0.235585 0.629576 0.13484 
0.259984 0.614918 0.125098 
0.28647 0.596491 0.117039 
0.31484 0.574612 0.110547 
0.344798 0.549681 0.105521 
0.375954 0.522172 0.101875 
0.407832 0.492624 0.0995445 
0.439886 0.461626 0.0984879 
0.471524 0.42979 0.0986854 
0.50213 0.397729 0.10014 
0.531097 0.366023 0.10288 
0.557848 0.335198 0.106954 
0.581864 0.305703 0.112432 
0.602694 0.2779 0.119407 
0.619962 0.252054 0.127983 
0.633376 0.228341 0.138282 
0.642719 0.206852 0.150429 
0.647845 0.187605 0.16455 
0.648679 0.170564 0.180757 
0.645207 0.155649 0.199144 
0.637481 0.142753 0.219765 
0.62562 0.131755 0.242625 
0.609811 0.122527 0.267662 
0.590319 0.114946 0.294735 
0.567486 0.108901 0.323613 
0.541734 0.104294 0.353972 
0.513558 0.101045 0.385396 
0.483515 0.099098 0.417387 
0.452203 0.0984159 0.449381 
0.420238 0.0989865 0.480776 
0.388223 0.10082 0.510956 
0.356728 0.103951 0.539321 
0.326256 0.108435 0.565309 
0.297231 0.114349 0.58842 
0.269988 0.121788 0.608224 
0.244763 0.130865 0.624372 
0.221706 0.141701 0.636593 
0.200885 0.154423 0.644691 
0.182302 0.169154 0.648544 
0.165904 0.186003 0.648094 
0.151602 0.205051 0.643346 
0.139285 0.226341 0.634374 
0.128827 0.249859 0.621314 
0.120102 0.275521 0.604377 
0.11299 0.30316 0.58385 
0.107382 0.332518 0.5601 
0.103187 0.363242 0.533571 
0.100331 0.39489 0.504779 
0.0987636 0.426942 0.474294 
0.0984549 0.458822 0.442723 
0.0993996 0.48992 0.410681 
0.101615 0.519621 0.378764 
0.105142 0.547334 0.347524 
0.110043 0.572514 0.317443 
0.1164 0.594682 0.288918 
0.124315 0.61343 0.262255 
0.133903 0.628433 0.237664 
0.145288 0.639443 0.21527 
0.158596 0.646287 0.195118 
0.173947 0.648861 0.177193 
0.191443 0.647127 0.16143 
0.211158 0.641111 0.147732 
0.233116 0.630903 0.135981 
0.257284 0.616663 0.126053 
0.283557 0.598623 0.11782 
0.311739 0.577094 0.111167 
0.341544 0.552467 0.105989 
0.372594 0.525207 0.102199 
0.404419 0.495849 0.0997315 
0.436483 0.464976 0.0985407 
0.468194 0.433201 0.0986049 
0.498939 0.401135 0.0999252 
0.528109 0.369365 0.102526 
0.555122 0.338424 0.106455 
0.579452 0.308768 0.11178 
0.600639 0.280771 0.11859 
0.618303 0.254707 0.126991 
0.632139 0.230761 0.1371 
0.641923 0.209033 0.149045 
0.647503 0.189548 0.162949 
0.648795 0.172275 0.17893 
0.64578 0.157139 0.197081 
0.638503 0.144034 0.217463 
0.627074 0.132839 0.240086 
0.611675 0.123429 0.264897 
0.592559 0.115679 0.291762 
0.570063 0.109475 0.320462 
0.5446 0.104718 0.350682 
0.516657 0.101328 0.382015 
0.486785 0.0992447 0.413971 
0.455579 0.098429 0.445992 
0.423653 0.0988662 0.477481 
0.391616 0.100564 0.507819 
0.36004 0.103555 0.536405 
0.329438 0.107891 0.562671 
0.300242 0.113648 0.58611 
0.272795 0.120921 0.606284 
0.247347 0.129818 0.622835 
0.224055 0.14046 0.635485 
0.202995 0.152976 0.644029 
0.184175 0.167487 0.648338 
0.167548 0.184106 0.648346 
0.153028 0.202917 0.644054 
0.140506 0.223968 0.635526 
0.129856 0.247252 0.622893 
0.120952 0.272692 0.606356 
0.113674 0.300131 0.586195 
0.107911 0.329321 0.562769 
0.103569 0.359919 0.536512 
0.100573 0.391492 0.507935 
0.0988704 0.423528 0.477602 
0.0984283 0.455455 0.446117 
0.0992391 0.486665 0.414096 
0.101318 0.516543 0.382139 
0.104703 0.544495 0.350802 
0.109454 0.569969 0.320577 
0.115651 0.592478 0.291871 
0.123395 0.611607 0.264998 
0.132799 0.627022 0.240179 
0.143987 0.638466 0.217547 
0.157084 0.64576 0.197157 
0.172212 0.648791 0.178997 
0.189476 0.647516 0.163008 
0.208952 0.641953 0.149095 
0.230672 0.632185 0.137143 
0.254609 0.618364 0.127027 
0.280665 0.600715 0.11862 
0.308656 0.579541 0.111804 
0.338305 0.555222 0.106473 
0.369243 0.528219 0.102539 
0.40101 0.499057 0.0999329 
0.433076 0.468317 0.0986077 
0.464854 0.436608 0.0985386 
0.495731 0.404545 0.0997245 
0.525096 0.372717 0.102187 
0.552365 0.341664 0.105972 
0.577004 0.311852 0.111144 
0.598545 0.283663 0.117791 
0.616599 0.257383 0.126017 
0.630855 0.233206 0.135939 
0.641079 0.211239 0.147682 
0.647112 0.191516 0.161372 
0.648862 0.174011 0.177127 
0.646305 0.158652 0.195044 
0.639477 0.145336 0.215187 
0.628483 0.133944 0.237573 
0.613496 0.12435 0.262155 
0.594761 0.116428 0.28881 
0.572607 0.110065 0.317328 
0.547437 0.105159 0.347404 
0.519733 0.101626 0.378641 
0.490039 0.0994059 0.410556 
0.458945 0.0984563 0.442598 
0.427067 0.0987601 0.474172 
0.395014 0.100323 0.504663 
0.363364 0.103174 0.533463 
0.332635 0.107364 0.560001 
0.303272 0.112965 0.583763 
0.275626 0.120071 0.604303 
0.249956 0.12879 0.621255 
0.226429 0.139241 0.63433 
0.20513 0.151551 0.643319 
0.186073 0.165844 0.648083 
0.169216 0.182234 0.64855 
0.154477 0.200809 0.644714 
0.141747 0.221621 0.636632 
0.130904 0.244669 0.624427 
0.121821 0.269885 0.608294 
0.114375 0.297122 0.588503 
0.108455 0.32614 0.565405 
0.103966 0.356607 0.539427 
0.10083 0.388099 0.51107 
0.0989914 0.420112 0.480896 
0.0984159 0.452079 0.449505 
0.0990931 0.483395 0.417512 
0.101035 0.513444 0.38552 
0.104279 0.541628 0.354093 
0.108881 0.56739 0.323729 
0.11492 0.590236 0.294844 
0.122494 0.609742 0.267764 
0.131716 0.625565 0.242719 
0.142707 0.637443 0.21985 
0.155595 0.645184 0.19922 
0.170502 0.648673 0.180825 
0.187535 0.647856 0.164609 
0.206773 0.642747 0.150481 
0.228254 0.63342 0.138326 
0.251958 0.620022 0.12802 
0.277795 0.602767 0.119437 
0.305592 0.581951 0.112457 
0.33508 0.557947 0.106973 
0.365901 0.531205 0.102894 
0.397605 0.502246 0.100149 
0.429666 0.471646 0.0986889 
0.461503 0.440011 0.0984865 
0.492505 0.407956 0.0995382 
0.52206 0.376077 0.101863 
0.549578 0.344917 0.105504 
0.574521 0.314954 0.110525 
0.596412 0.286577 0.117011 
0.614853 0.260083 0.125063 
0.629526 0.235675 0.134799 
0.640188 0.213471 0.146342 
0.646672 0.193509 0.159819 
0.648881 0.175771 0.175349 
0.646781 0.160187 0.193032 
0.640404 0.14666 0.212936 
0.629847 0.135069 0.235084 
0.615274 0.125289 0.259437 
0.596924 0.117195 0.28588 
0.575116 0.110671 0.314213 
0.550246 0.105614 0.34414 
0.522786 0.101939 0.375274 
0.493276 0.0995813 0.407142 
0.462303 0.0984977 0.439199 
0.430479 0.0986683 0.470852 
0.398417 0.100096 0.501487 
0.366697 0.102808 0.530495 
0.335848 0.106852 0.5573 
0.306321 0.1123 0.58138 
0.278478 0.11924 0.602281 
0.252588 0.127782 0.61963 
0.228828 0.138042 0.63313 
0.20729 0.150148 0.642561 
0.187996 0.164225 0.647779 
0.170908 0.180387 0.648706 
0.155948 0.198726 0.645326 
0.14301 0.219299 0.637691 
0.131972 0.242111 0.625917 
0.122708 0.267102 0.61019 
0.115093 0.294133 0.590774 
0.109016 0.322976 0.568009 
0.104378 0.353307 0.542314 
0.101102 0.384713 0.514185 
0.0991267 0.416697 0.484176 
0.0984177 0.448697 0.452885 
0.0989613 0.480111 0.420927 
0.100768 0.510324 0.388908 
0.10387 0.538734 0.357396 
0.108324 0.564779 0.326897 
0.114206 0.587956 0.297838 
0.121612 0.607835 0.270553 
0.130652 0.624065 0.245283 
0.141449 0.636372 0.222178 
0.15413 0.644561 0.201309 
0.168816 0.648506 0.182678 
0.185618 0.648148 0.166234 
0.204619 0.643493 0.151889 
0.225861 0.63461 0.13953 
0.249331 0.621635 0.129033 
0.274949 0.604779 0.120272 
0.302547 0.584326 0.113127 
0.331871 0.560641 0.107488 
0.36257 0.534166 0.103263 
0.394204 0.505417 0.100379 
0.426253 0.474962 0.0987842 
0.458143 0.443408 0.0984487 
0.489264 0.41137 0.0993663 
0.519001 0.379445 0.101554 
0.546763 0.348185 0.105052 
0.572003 0.318074 0.109923 
0.59424 0.289512 0.116248 
0.613065 0.262807 0.124129 
0.628151 0.23817 0.133679 
0.639249 0.215727 0.145024 
0.646184 0.195527 0.158289 
0.64885 0.177555 0.173595 
0.647209 0.161746 0.191045 
0.641284 0.148005 0.210711 
0.631165 0.136214 0.232621 
0.617009 0.126248 0.256743 
0.599048 0.11798 0.282972 
0.57759 0.111294 0.311115 
0.553025 0.106086 0.34089 
0.525816 0.102267 0.371917 
0.496497 0.0997712 0.403731 
0.465651 0.0985534 0.435796 
0.433888 0.0985907 0.467521 
0.401823 0.0998838 0.498293 
0.370041 0.102457 0.527503 
0.339076 0.106356 0.554568 
0.309389 0.111651 0.57896 
0.281352 0.118428 0.60022 
0.255245 0.126793 0.617962 
0.231252 0.136865 0.631883 
0.209476 0.148768 0.641756 
0.189943 0.16263 0.647427 
0.172624 0.178564 0.648812 
0.157442 0.196669 0.645889 
0.144295 0.217002 0.638703 
0.133061 0.239578 0.627362 
0.123613 0.264342 0.612045 
0.115829 0.291165 0.593006 
0.109593 0.319829 0.570579 
0.104806 0.35002 0.545174 
0.101388 0.381334 0.517279 
0.0992764 0.413282 0.487442 
0.0984337 0.445308 0.456258 
0.0988439 0.476814 0.424342 
0.100515 0.507184 0.392301 
0.103477 0.535813 0.36071 
0.107784 0.562135 0.330081 
0.11351 0.585639 0.300851 
0.120748 0.605887 0.273364 
0.129609 0.62252 0.247871 
0.140213 0.635255 0.224532 
0.152687 0.643889 0.203424 
0.167154 0.64829 0.184556 
0.183727 0.648391 0.167882 
0.20249 0.644191 0.153319 
0.223493 0.635752 0.140754 
0.246729 0.623205 0.130066 
0.272124 0.60675 0.121126 
0.299523 0.586663 0.113814 
0.328678 0.563302 0.10802 
0.35925 0.537102 0.103648 
0.390808 0.508568 0.100624 
0.422839 0.478267 0.0988939 
0.454775 0.4468 0.098425 
0.486007 0.414784 0.0992088 
0.51592 0.38282 0.10126 
0.543919 0.351465 0.104616 
0.569452 0.321211 0.109337 
0.592029 0.292468 0.115503 
0.611234 0.265554 0.123213 
0.626731 0.240689 0.13258 
0.638263 0.21801 0.143727 
0.645647 0.197571 0.156782 
0.648771 0.179363 0.171866 
0.647588 0.163329 0.189083 
0.642116 0.149373 0.208511 
0.632437 0.13738 0.230183 
0.618701 0.127226 0.254073 
0.601132 0.118783 0.280085 
0.580029 0.111934 0.308037 
0.555773 0.106572 0.337654 
0.528822 0.102609 0.368569 
0.499701 0.0999755 0.400324 
0.468988 0.0986232 0.432389 
0.437294 0.0985273 0.464179 
0.405232 0.099686 0.495082 
0.373393 0.102121 0.524486 
0.342318 0.105876 0.551806 
0.312476 0.111018 0.576506 
0.284249 0.117633 0.598118 
0.257925 0.125824 0.616251 
0.233701 0.135708 0.63059 
0.211687 0.147411 0.640903 
0.191916 0.161058 0.647026 
0.174364 0.176767 0.648869 
0.158959 0.194637 0.646404 
0.145601 0.214732 0.639667 
0.134169 0.23707 0.628761 
0.124538 0.261606 0.613857 
0.116582 0.288219 0.5952 
0.110186 0.316699 0.573115 
0.105249 0.346746 0.548005 
0.101689 0.377962 0.520349 
0.0994403 0.409868 0.490692 
0.0984638 0.441914 0.459622 
0.0987407 0.473505 0.427755 
0.100276 0.504024 0.395699 
0.103099 0.532867 0.364034 
0.10726 0.559459 0.333281 
0.11283 0.583286 0.303884 
0.119903 0.603899 0.276198 
0.128585 0.620931 0.250484 
0.138998 0.634092 0.22691 
0.151267 0.64317 0.205563 
0.165516 0.648025 0.186458 
0.18186 0.648585 0.169555 
0.200388 0.644841 0.154772 
0.221151 0.636848 0.142 
0.244152 0.62473 0.131118 
0.269323 0.608679 0.121998 
0.296519 0.588963 0.114518 
0.325502 0.565931 0.108567 
0.355942 0.54001 0.104048 
0.387417 0.511699 0.100884 
0.419425 0.481557 0.0990178 
0.451399 0.450186 0.0984154 
0.482735 0.418199 0.0990657 
0.512818 0.386202 0.100981 
0.541048 0.354757 0.104195 
0.566867 0.324365 0.108768 
0.58978 0.295445 0.114775 
0.609361 0.268323 0.122316 
0.625267 0.243233 0.1315 
0.63723 0.220317 0.142453 
0.645062 0.199639 0.155299 
0.648643 0.181196 0.170161 
0.647918 0.164934 0.187147 
0.6429 0.150763 0.206337 
0.633663 0.138567 0.22777 
0.620349 0.128223 0.251428 
0.603175 0.119604 0.277221 
0.582432 0.112591 0.304978 
0.558491 0.107075 0.334434 
0.531803 0.102967 0.36523 
0.502886 0.100194 0.39692 
0.472314 0.0987072 0.428979 
0.440694 0.0984781 0.460828 
0.408643 0.0995027 0.491854 
0.376754 0.1018 0.521446 
0.345574 0.105412 0.549014 
0.31558 0.110403 0.574017 
0.287166 0.116856 0.595978 
0.260629 0.124874 0.614497 
0.236175 0.134572 0.629252 
0.213923 0.146075 0.640002 
0.193913 0.15951 0.646577 
0.176128 0.174994 0.648878 
0.160499 0.19263 0.64687 
0.146929 0.212487 0.640585 
0.135298 0.234587 0.630115 
0.125481 0.258893 0.615626 
0.117352 0.285294 0.597354 
0.110796 0.313588 0.575616 
0.105708 0.343485 0.550807 
0.102004 0.374598 0.523397 
0.0996186 0.406456 0.493925 
0.0985081 0.438515 0.462977 
0.0986518 0.470183 0.431165 
0.100053 0.500846 0.399101 
0.102736 0.529895 0.367369 
0.106751 0.556753 0.336496 
0.112168 0.580896 0.306936 
0.119076 0.60187 0.279054 
0.127582 0.619298 0.253121 
0.137804 0.632882 0.229314 
0.149869 0.642403 0.207728 
0.163902 0.647712 0.188385 
0.180019 0.64873 0.171251 
0.19831 0.645443 0.156247 
0.218835 0.637898 0.143267 
0.2416 0.62621 0.13219 
0.266545 0.610566 0.122889 
0.293535 0.591225 0.11524 
0.322342 0.568528 0.109131 
0.352645 0.542891 0.104463 
0.384033 0.514809 0.101158 
0.41601 0.484834 0.0991559 
0.448016 0.453564 0.0984201 
0.47945 0.421614 0.0989369 
0.509694 0.38959 0.100716 
0.538149 0.358061 0.10379 
0.56425 0.327536 0.108214 
0.587493 0.298442 0.114065 
0.607447 0.271116 0.121437 
0.623757 0.245801 0.130441 
0.636151 0.22265 0.141199 
0.644429 0.201733 0.153838 
0.648466 0.183054 0.16848 
0.6482 0.166564 0.185236 
0.643636 0.152174 0.204189 
0.634842 0.139774 0.225383 
0.621954 0.129239 0.248807 
0.605178 0.120443 0.274379 
0.584798 0.113264 0.301938 
0.561178 0.107594 0.331229 
0.534758 0.10334 0.361902 
0.506052 0.100428 0.393521 
0.475627 0.0988054 0.425567 
0.44409 0.098443 0.457467 
0.412056 0.0993338 0.48861 
0.380122 0.101494 0.518384 
0.348843 0.104964 0.546194 
0.318703 0.109804 0.571493 
0.290105 0.116097 0.593798 
0.263357 0.123943 0.6127 
0.238674 0.133457 0.627869 
0.216184 0.144762 0.639054 
0.195936 0.157985 0.646079 
0.177916 0.173246 0.648838 
0.162063 0.190649 0.647288 
0.148278 0.210267 0.641454 
0.136447 0.232129 0.631424 
0.126443 0.256205 0.617352 
0.118141 0.28239 0.599469 
0.111422 0.310496 0.578083 
0.106182 0.340239 0.553579 
0.102335 0.371244 0.526422 
0.0998114 0.403047 0.497142 
0.0985665 0.435112 0.466322 
0.0985771 0.466851 0.434572 
0.0998432 0.49765 0.402507 
0.102388 0.526898 0.370713 
0.106259 0.554015 0.339726 
0.111523 0.57847 0.310008 
0.118267 0.599801 0.281932 
0.126597 0.617621 0.255781 
0.136631 0.631627 0.231742 
0.148494 0.641588 0.209918 
0.162312 0.64735 0.190338 
0.178202 0.648827 0.172971 
0.196259 0.645996 0.157745 
0.216545 0.6389 0.144556 
0.239072 0.627646 0.133282 
0.263791 0.612411 0.123798 
0.290572 0.593449 0.115979 
0.319199 0.57109 0.109711 
0.349362 0.545744 0.104894 
0.380656 0.517897 0.101447 
0.412596 0.488095 0.0993084 
0.444627 0.456934 0.0984388 
0.476151 0.425027 0.0988223 
0.506551 0.392983 0.100466 
0.535224 0.361376 0.1034 
0.5616 0.330722 0.107678 
0.585169 0.301458 0.113372 
0.605491 0.273931 0.120577 
0.622204 0.248394 0.129402 
0.635025 0.225007 0.139968 
0.643748 0.203851 0.1524 
0.64824 0.184936 0.166824 
0.648433 0.168216 0.18335 
0.644325 0.153609 0.202067 
0.635976 0.141003 0.223021 
0.623514 0.130276 0.24621 
0.60714 0.1213 0.271561 
0.587127 0.113954 0.298918 
0.563832 0.108128 0.32804 
0.537687 0.103727 0.358585 
0.509198 0.100675 0.390127 
0.478928 0.0989179 0.422154 
0.44748 0.0984222 0.454098 
0.415469 0.0991792 0.485351 
0.383498 0.101203 0.515299 
0.352124 0.104531 0.543345 
0.321843 0.109222 0.568936 
0.293064 0.115356 0.59158 
0.266108 0.123031 0.610861 
0.241198 0.132362 0.62644 
0.218471 0.14347 0.638059 
0.197984 0.156483 0.645533 
0.179729 0.171522 0.648749 
0.163649 0.188693 0.647658 
0.14965 0.208073 0.642277 
0.137617 0.229697 0.632686 
0.127424 0.253541 0.619035 
0.118947 0.279509 0.601544 
0.112065 0.307422 0.580513 
0.106672 0.337007 0.556321 
0.10268 0.367898 0.529422 
0.100019 0.399641 0.500341 
0.0986391 0.431705 0.469656 
0.0985165 0.463508 0.437976 
0.0996484 0.494436 0.405916 
0.102056 0.523878 0.374066 
